package Algorithm.PrimAlgorithm;

import java.util.Arrays;

/**
 * 最小生成树
 */
public class PrimAlgorithm {
    public static void main(String[] args) {
        int[] vertex = {1, 2, 3, 4, 5, 6, 7, 8, 9, 10, 11, 12, 13, 14, 15, 16, 17, 18, 19, 20, 21, 22, 23, 24, 25, 26, 27, 28, 29, 30, 31, 32, 33, 34, 35, 36, 37, 38, 39, 40, 41, 42, 43, 44, 45, 46, 47, 48, 49, 50, 51, 52, 53, 54, 55, 56, 57, 58, 59, 60, 61, 62, 63, 64, 65, 66, 67, 68, 69, 70, 71, 72, 73, 74, 75, 76, 77, 78, 79, 80
        };
        int vertexSize = vertex.length;
        int[][] edges = {

                {0, 31392, 1168, 5092, 4830, 35720, 3080, 42896, 2720, 3263, 41838, 71920, 37905, 2343, 14007, 53960, 23712, 3952, 7686, 38152, 92732, 91086, 9900, 51840, 3648, 2278, 14904, 22659, 1936, 38824, 25740, 21560, 40370, 154, 20115, 34680, 19845, 2716, 6240, 20332, 2112, 33099, 6732, 24510, 20064, 19266, 624, 11520, 4576, 26892, 27924, 77360, 66397, 10759, 10286, 76551, 56196, 5517, 27300, 6258, 644, 25168, 54426, 5358, 10278, 11594, 2800, 33464, 22866, 7488, 23730, 780, 34888, 70800, 22537, 27324, 1754, 52800, 26924, 5280},
                {31392, 0, 33336, 870, 336, 21731, 78842, 693, 22344, 470, 54404, 702, 8442, 9460, 24276, 26344, 55991, 4176, 114, 52800, 26722, 9015, 8973, 1530, 14742, 63990, 24411, 10438, 483, 48756, 61060, 41412, 1890, 43688, 3456, 2091, 7182, 24346, 22620, 4014, 4392, 51474, 12016, 49815, 32832, 32040, 198, 27262, 11628, 41078, 42000, 2541, 4158, 7857, 6377, 28985, 2952, 19230, 4615, 26973, 13668, 6822, 2376, 1794, 6887, 18750, 1623, 13623, 28608, 23296, 16600, 26136, 13500, 43851, 48320, 8136, 24010, 52922, 13608, 2030},
                {1168, 33336, 0, 14496, 17105, 66834, 348, 59130, 18820, 19227, 15523, 46588, 31719, 1953, 21629, 20150, 53361, 7722, 19240, 17290, 3162, 6968, 14800, 4239, 8190, 6120, 160, 3996, 72981, 9691, 33120, 63638, 1960, 18270, 45510, 6014, 7332, 4020, 22484, 42398, 57967, 10770, 30030, 9072, 1856, 38409, 7885, 18711, 1012, 26304, 52917, 31464, 808, 37884, 74690, 14685, 27930, 59136, 27960, 10010, 66792, 21140, 35145, 20196, 85928, 14592, 66534, 31464, 44697, 42284, 39092, 5724, 6280, 688, 9450, 4028, 21812, 8604, 3465, 6192},
                {5092, 870, 14496, 0, 58100, 4288, 41571, 28110, 45588, 28274, 60198, 2982, 82026, 2860, 29906, 57267, 35364, 5184, 32550, 42435, 684, 55971, 41790, 83512, 30392, 29973, 12250, 10878, 49950, 3444, 15420, 13258, 3780, 34440, 27200, 53515, 40133, 303, 2812, 66564, 28188, 7018, 63190, 29394, 43434, 37620, 14007, 24480, 5856, 11148, 14801, 1990, 26712, 58292, 4464, 68607, 57722, 141, 38581, 66780, 26928, 80704, 8970, 7986, 687, 21344, 5551, 22607, 46695, 84099, 2696, 32226, 33614, 1800, 4329, 35322, 2728, 10180, 12168, 11375},
                {4830, 336, 17105, 58100, 0, 48192, 44280, 23940, 25666, 38587, 782, 941, 14688, 78850, 2782, 10760, 36120, 21780, 32195, 29222, 15498, 3608, 59558, 37521, 21783, 13536, 39603, 60528, 34008, 7904, 35929, 20878, 26950, 7980, 101, 27522, 26922, 19344, 5964, 17388, 9568, 19680, 38676, 68121, 58200, 1292, 17459, 17688, 10812, 5383, 3255, 960, 6180, 26040, 629, 15040, 26656, 24472, 42497, 14525, 15318, 19108, 3234, 57646, 15504, 30226, 1700, 6310, 14904, 18226, 13824, 546, 9334, 20520, 71981, 6266, 4970, 342, 10956, 15438},
                {35720, 21731, 66834, 4288, 48192, 0, 36981, 5226, 28600, 763, 19929, 6864, 64306, 15147, 22792, 46440, 27940, 11191, 2565, 21689, 39560, 1727, 145, 20097, 73710, 60480, 46464, 7686, 9607, 1176, 28908, 26418, 32448, 6900, 9204, 46436, 6660, 25937, 4354, 10241, 22762, 11900, 7784, 48360, 25200, 31280, 25640, 13056, 8924, 69003, 63717, 17480, 87120, 4268, 57424, 17342, 57856, 47040, 7392, 11947, 10360, 9044, 13328, 28600, 14732, 1845, 42228, 57670, 56256, 7980, 5538, 4048, 10500, 49470, 10450, 6783, 27885, 2786, 36540, 5226},
                {2904, 78842, 348, 41571, 44280, 36981, 0, 15150, 10382, 4264, 1584, 2392, 102, 38012, 36340, 1365, 21942, 6160, 35844, 52632, 53840, 10426, 46128, 1184, 51597, 6721, 17587, 11286, 62997, 9360, 40257, 3840, 36022, 11891, 8666, 39902, 9204, 10229, 51540, 12460, 11186, 12470, 20584, 52954, 28044, 1960, 1944, 40026, 73458, 25172, 1040, 13392, 62352, 22618, 24840, 60016, 11780, 2958, 49364, 4860, 45105, 23616, 32925, 43362, 44643, 17424, 11880, 64175, 11336, 1330, 44448, 8500, 52258, 5295, 49824, 31920, 19584, 6504, 42840, 12912},
                {42896, 693, 59130, 28110, 23940, 5226, 15150, 0, 11112, 7928, 3531, 17856, 55693, 901, 7364, 3810, 645, 53820, 31768, 30272, 27956, 18122, 7392, 20212, 42826, 25340, 53865, 15594, 6902, 58764, 1976, 8848, 6540, 38247, 2023, 468, 38367, 37900, 6567, 16351, 91104, 3264, 6490, 29743, 13838, 64350, 36507, 45724, 1472, 54720, 1080, 1122, 3190, 56724, 6773, 15573, 4661, 12617, 24354, 52841, 6309, 60424, 2490, 29480, 46852, 1131, 30094, 5368, 13080, 36432, 48373, 15552, 24614, 90303, 35834, 9180, 18907, 45567, 40392, 61800},
                {2720, 22344, 18820, 45588, 25666, 28600, 10382, 11112, 0, 10738, 13972, 28804, 22057, 13563, 42828, 4023, 79398, 10494, 83061, 64064, 58302, 48484, 23892, 5814, 8262, 44000, 15500, 7208, 20382, 32130, 52965, 36452, 15750, 18018, 8692, 10272, 9717, 60822, 19462, 41496, 2610, 13915, 420, 71262, 4680, 2922, 14355, 45900, 7696, 9024, 35245, 3840, 32112, 50666, 2832, 4900, 18888, 4774, 16473, 5676, 24327, 3344, 39474, 8494, 2979, 7009, 26492, 14763, 2820, 28470, 20176, 3625, 53760, 12597, 4488, 4498, 990, 2950, 23952, 12160},
                {3263, 470, 19227, 28274, 38587, 763, 4264, 7928, 10738, 0, 82110, 49086, 30192, 26019, 3315, 4182, 157, 79048, 33480, 4352, 24217, 15350, 25404, 46100, 9114, 24225, 18772, 87591, 46860, 2520, 58220, 70240, 16380, 47712, 48552, 9264, 1590, 5106, 25234, 13804, 3978, 9750, 29820, 36, 59220, 35260, 3870, 961, 21360, 5390, 6873, 12246, 23008, 18924, 63920, 18328, 60512, 9625, 6948, 30750, 4655, 599, 1190, 4941, 38500, 8400, 24025, 17460, 22698, 17880, 2156, 51796, 20592, 50245, 41820, 10728, 5346, 12670, 1716, 8194},
                {41838, 54404, 15523, 60198, 782, 19929, 1584, 3531, 13972, 82110, 0, 56056, 6220, 18081, 15312, 48380, 34221, 26790, 19635, 50871, 1144, 23474, 8584, 19018, 24753, 17848, 1224, 16864, 12444, 1148, 34100, 75144, 39624, 5415, 19027, 19366, 35084, 6035, 32786, 44388, 30628, 56462, 27825, 29013, 54336, 54405, 2241, 8008, 10950, 60515, 42630, 1120, 20953, 3263, 4572, 14697, 85025, 13580, 10800, 31696, 44308, 54872, 16416, 5390, 9968, 48960, 41492, 4692, 25024, 42728, 472, 35694, 27690, 36569, 2706, 3349, 44000, 693, 46632, 4220},
                {71920, 702, 46588, 2982, 941, 6864, 2392, 17856, 28804, 49086, 56056, 0, 9312, 19698, 59290, 36630, 45954, 13671, 55752, 40443, 83505, 6888, 1885, 13365, 11688, 2744, 9560, 29045, 3999, 8030, 30592, 20090, 17618, 852, 9009, 76230, 34760, 8736, 28560, 24956, 9768, 73041, 893, 650, 30760, 207, 30599, 7767, 63460, 68228, 100, 67332, 76206, 15484, 54450, 61308, 11531, 5588, 60320, 7848, 5109, 1260, 2631, 12975, 10140, 45864, 45288, 300, 32560, 46170, 51765, 25740, 40050, 11362, 9472, 26055, 3287, 60140, 65100, 11584},
                {37905, 8442, 31719, 82026, 14688, 64306, 102, 55693, 22057, 30192, 6220, 9312, 0, 4218, 34680, 10500, 63583, 29445, 49938, 83776, 17061, 1431, 978, 23968, 37267, 32677, 4356, 62076, 7560, 23715, 80926, 63135, 7150, 1696, 32550, 4080, 3096, 19912, 42200, 12189, 10825, 1660, 43287, 23793, 10830, 7540, 2204, 11776, 48954, 39600, 76268, 13312, 46158, 7245, 35226, 15288, 17688, 49170, 31730, 12616, 69635, 8208, 4734, 8569, 17340, 15884, 9490, 43065, 2808, 68880, 12670, 17381, 6200, 56932, 39386, 3720, 20748, 15886, 9360, 46814},
                {2343, 9460, 1953, 2860, 78850, 15147, 38012, 901, 13563, 26019, 18081, 19698, 4218, 0, 92414, 15400, 52820, 11472, 3480, 34162, 16720, 33212, 60501, 55290, 9018, 1732, 4680, 56550, 38220, 25620, 4914, 25524, 58882, 35092, 44772, 3355, 13800, 8587, 23240, 13560, 18724, 14123, 3924, 61200, 4736, 5390, 36396, 1938, 8556, 20512, 69498, 26411, 21726, 45771, 1926, 39420, 27552, 42775, 46860, 5136, 55404, 23922, 29880, 26780, 13062, 23200, 45990, 5355, 35952, 38997, 7200, 7350, 4144, 42816, 15759, 16317, 24475, 27676, 6750, 15502},
                {14007, 24276, 21629, 29906, 2782, 22792, 36340, 7364, 42828, 3315, 15312, 59290, 34680, 92414, 0, 32240, 8721, 28812, 28468, 41128, 8832, 32256, 16359, 37228, 3684, 11396, 4984, 52540, 41412, 25731, 14355, 18864, 1224, 65043, 16414, 14210, 26012, 536, 32032, 4503, 23552, 37890, 61740, 510, 49028, 50816, 1134, 22659, 26264, 18525, 41971, 9120, 19030, 30000, 1363, 28304, 11039, 5310, 16926, 10178, 23320, 33701, 38718, 11580, 8320, 9647, 1254, 32562, 68191, 37772, 60720, 2560, 25377, 2150, 20032, 49088, 21093, 54936, 29964, 19170},
                {53960, 26344, 20150, 57267, 10760, 46440, 1365, 3810, 4023, 4182, 48380, 36630, 10500, 15400, 32240, 0, 32439, 5243, 13992, 3380, 64780, 198, 4845, 60632, 30081, 25920, 34850, 5325, 10934, 1214, 1853, 14612, 83793, 11300, 15903, 1058, 18600, 20108, 19090, 15184, 33040, 19481, 17856, 10950, 3365, 54064, 13800, 95040, 4495, 12090, 5184, 140, 58752, 34110, 320, 17248, 80127, 56133, 30124, 34577, 9396, 5056, 33660, 21175, 38544, 3705, 25491, 50128, 7380, 73920, 15167, 2680, 41565, 5010, 17112, 14760, 14040, 8690, 2380, 58370},
                {23712, 55991, 53361, 35364, 36120, 27940, 21942, 645, 79398, 157, 34221, 45954, 63583, 52820, 8721, 32439, 0, 30396, 11025, 27195, 36340, 12714, 23100, 3753, 3900, 7836, 16284, 67149, 7380, 73470, 60320, 69560, 10944, 27744, 38080, 20435, 39052, 44936, 73260, 14745, 55000, 14820, 2952, 4176, 29241, 19154, 16815, 36774, 2420, 36828, 2184, 49275, 44392, 67137, 3270, 97911, 23440, 44592, 5160, 42274, 39738, 64736, 47970, 27492, 4600, 11448, 18768, 53856, 43722, 6026, 55974, 5797, 23426, 77, 24596, 20580, 24037, 2610, 12540, 24816},
                {3952, 4176, 7722, 5184, 21780, 11191, 6160, 53820, 10494, 79048, 26790, 13671, 29445, 11472, 28812, 5243, 30396, 0, 23760, 832, 50940, 42840, 4068, 14605, 21950, 61360, 21692, 89474, 9163, 9720, 9744, 1930, 60588, 48256, 16828, 54870, 10738, 23739, 44064, 11436, 11840, 57792, 7654, 11186, 5724, 13104, 589, 81144, 55440, 75166, 302, 284, 2418, 12110, 1410, 8415, 17500, 8580, 4800, 19768, 660, 40269, 1080, 73440, 20000, 42576, 10528, 34410, 36036, 71720, 11940, 9630, 4800, 16928, 16898, 15288, 1825, 3648, 3234, 9400},
                {7686, 114, 19240, 32550, 32195, 2565, 35844, 31768, 83061, 33480, 19635, 55752, 49938, 3480, 28468, 13992, 11025, 23760, 0, 28178, 58328, 18390, 18858, 58910, 6030, 81000, 2464, 368, 26928, 20482, 27084, 9207, 10860, 38916, 3520, 25256, 21976, 22308, 26978, 6693, 26288, 39576, 7576, 33110, 20586, 54936, 39652, 9300, 345, 36608, 10540, 34230, 7296, 1512, 17400, 32028, 24240, 15060, 70532, 24525, 18018, 44604, 35266, 13426, 86524, 70980, 69020, 6765, 45414, 8880, 12555, 2430, 79893, 1755, 36860, 71489, 6636, 17766, 1075, 68932},
                {38152, 52800, 17290, 42435, 29222, 21689, 52632, 30272, 64064, 4352, 50871, 40443, 83776, 34162, 41128, 3380, 27195, 832, 28178, 0, 2882, 9126, 14355, 586, 25594, 95642, 4564, 5712, 6670, 23736, 4730, 18445, 2240, 10614, 489, 23480, 5664, 54225, 43617, 6248, 18942, 30576, 39263, 18450, 9480, 21242, 83688, 15272, 23777, 11400, 7088, 27625, 84645, 13230, 10972, 11568, 40836, 13706, 19580, 68970, 1272, 26595, 5916, 25830, 32469, 7912, 16800, 41448, 9360, 33142, 8107, 3978, 4260, 43232, 35805, 30704, 1395, 43065, 750, 1914},
                {92732, 26722, 3162, 684, 15498, 39560, 53840, 27956, 58302, 24217, 1144, 83505, 17061, 16720, 8832, 64780, 36340, 50940, 58328, 2882, 0, 32325, 41078, 17416, 18550, 38208, 31682, 73036, 60989, 17986, 47736, 46608, 23124, 8076, 10234, 7540, 6072, 14007, 60168, 39180, 22724, 27548, 1566, 53088, 16680, 2378, 1023, 21514, 73242, 5775, 80088, 468, 84200, 1032, 2760, 27450, 25536, 43890, 50760, 34776, 4344, 27675, 4430, 28635, 5640, 13860, 32913, 35998, 8736, 23142, 4448, 3468, 11180, 42230, 570, 22848, 11271, 40504, 954, 69504},
                {91086, 9015, 6968, 55971, 3608, 1727, 10426, 18122, 48484, 15350, 23474, 6888, 1431, 33212, 32256, 198, 12714, 42840, 18390, 9126, 32325, 0, 63280, 67640, 32136, 24750, 49216, 6174, 51684, 37054, 5310, 32946, 20150, 55488, 32142, 19832, 4688, 33065, 10047, 1340, 3555, 30294, 49248, 2190, 308, 1133, 46373, 5814, 15022, 37840, 2419, 72576, 432, 72, 39578, 254, 11277, 10150, 1800, 6716, 9751, 28688, 57290, 33060, 1173, 11480, 36630, 8892, 71060, 30960, 85728, 48018, 6909, 39600, 42300, 54010, 70125, 30358, 8679, 2304},
                {9900, 8973, 14800, 41790, 59558, 145, 46128, 7392, 23892, 25404, 8584, 1885, 978, 60501, 16359, 4845, 23100, 4068, 18858, 14355, 41078, 63280, 0, 5928, 864, 44068, 13053, 75620, 4028, 74610, 17620, 16758, 41895, 63232, 26080, 69804, 13170, 18228, 69888, 5957, 26009, 1554, 4465, 16560, 25472, 51657, 1888, 9028, 54600, 24081, 8316, 1295, 71972, 465, 29612, 25248, 2940, 30114, 2772, 85358, 22873, 59584, 32736, 387, 2420, 40590, 4710, 66682, 39636, 3095, 48067, 14805, 24198, 43005, 336, 49390, 230, 16629, 21012, 70632},
                {51840, 1530, 4239, 83512, 37521, 20097, 1184, 20212, 5814, 46100, 19018, 13365, 23968, 55290, 37228, 60632, 3753, 14605, 58910, 586, 17416, 67640, 5928, 0, 43766, 44462, 10242, 55168, 20604, 79040, 1900, 62062, 36855, 26000, 52164, 41730, 8350, 6248, 484, 59598, 32396, 58401, 20026, 59724, 21442, 60255, 48306, 38440, 88020, 8372, 31744, 55370, 17951, 32240, 7218, 4225, 25002, 45942, 10092, 53620, 32016, 9160, 57265, 64608, 1030, 22849, 6021, 12894, 8374, 61614, 60522, 33325, 19942, 76824, 16764, 7120, 5988, 10906, 12121, 54735},
                {3648, 14742, 8190, 30392, 21783, 73710, 51597, 42826, 8262, 9114, 24753, 11688, 37267, 9018, 3684, 30081, 3900, 21950, 6030, 25594, 18550, 32136, 864, 43766, 0, 33306, 59292, 72240, 1363, 45632, 2494, 23040, 18034, 38480, 10318, 5728, 54534, 13817, 3810, 7644, 19400, 31790, 5733, 5840, 14112, 51000, 3913, 60696, 5913, 14040, 40334, 16170, 43740, 79056, 792, 38790, 59271, 86338, 10602, 36120, 5368, 2925, 23220, 10178, 45864, 17766, 2870, 8148, 19400, 74640, 960, 5512, 16891, 4182, 10416, 4296, 30127, 7830, 45588, 64155},
                {2278, 63990, 6120, 29973, 13536, 60480, 6721, 25340, 44000, 24225, 17848, 2744, 32677, 1732, 11396, 25920, 7836, 61360, 81000, 95642, 38208, 24750, 44068, 44462, 33306, 0, 18414, 3392, 31424, 2200, 4248, 35226, 2070, 545, 11700, 32185, 34686, 14140, 26622, 9542, 20116, 70756, 26483, 21420, 19514, 25088, 43902, 22704, 55020, 92732, 56088, 23800, 34182, 40880, 17111, 55141, 27448, 35052, 43605, 13376, 30600, 24168, 19818, 8554, 13536, 1728, 57974, 49248, 72000, 3488, 90695, 21690, 30915, 5202, 3420, 74400, 12948, 30592, 62818, 19400},
                {14904, 24411, 160, 12250, 39603, 46464, 17587, 53865, 15500, 18772, 1224, 9560, 4356, 4680, 4984, 34850, 16284, 21692, 2464, 4564, 31682, 49216, 13053, 10242, 59292, 18414, 0, 20025, 25234, 2808, 4176, 24425, 35784, 15400, 320, 20160, 7104, 77894, 15120, 862, 60588, 420, 57434, 2714, 76428, 14789, 11682, 2520, 9170, 59200, 39525, 610, 14770, 18240, 86304, 31119, 1364, 44712, 1012, 56628, 28392, 21518, 6930, 65124, 22752, 12495, 9154, 38918, 21560, 7308, 18925, 15480, 8850, 28812, 4110, 29862, 29920, 37960, 10668, 37054},
                {22659, 10438, 3996, 10878, 60528, 7686, 11286, 15594, 7208, 87591, 16864, 29045, 62076, 56550, 52540, 5325, 67149, 89474, 368, 5712, 73036, 6174, 75620, 55168, 72240, 3392, 20025, 0, 8029, 35010, 3664, 20345, 5075, 36414, 21708, 5728, 27140, 64980, 35231, 55200, 27984, 11339, 52875, 6642, 9797, 4144, 43248, 67520, 14304, 23760, 1425, 13440, 8040, 4334, 3784, 15958, 32402, 38655, 5916, 8170, 18000, 5820, 15984, 5628, 25216, 43168, 29200, 34930, 29197, 3414, 17088, 48608, 24444, 33465, 7790, 15696, 17472, 10816, 17525, 9936},
                {1936, 483, 72981, 49950, 34008, 9607, 62997, 6902, 20382, 46860, 12444, 3999, 7560, 38220, 41412, 10934, 7380, 9163, 26928, 6670, 60989, 51684, 4028, 20604, 1363, 31424, 25234, 8029, 0, 7955, 43260, 31742, 30877, 59179, 94766, 38778, 38070, 49858, 59682, 4681, 8976, 16497, 52668, 16550, 22680, 30814, 4925, 6820, 6136, 11144, 3720, 14896, 6864, 29341, 850, 31160, 9273, 4224, 3388, 11844, 17602, 6600, 43280, 16575, 40320, 33744, 28124, 7097, 6696, 5432, 8092, 60516, 28000, 7155, 9450, 43200, 58366, 1533, 9282, 29946},
                {38824, 48756, 9691, 3444, 7904, 1176, 9360, 58764, 32130, 2520, 1148, 8030, 23715, 25620, 25731, 1214, 73470, 9720, 20482, 23736, 17986, 37054, 74610, 79040, 45632, 2200, 2808, 35010, 7955, 0, 43, 23555, 8924, 41712, 23644, 20264, 45212, 217, 29376, 7689, 24552, 28504, 7232, 14536, 5882, 21576, 11264, 5632, 9880, 20375, 279, 80700, 15078, 22680, 15918, 3696, 6844, 32870, 13000, 6721, 51850, 18612, 3196, 49630, 35939, 46903, 846, 35061, 5920, 2584, 5330, 65379, 12936, 34170, 89670, 47905, 10350, 66650, 42328, 4026},
                {25740, 61060, 33120, 15420, 35929, 28908, 40257, 1976, 52965, 58220, 34100, 30592, 80926, 4914, 14355, 1853, 60320, 9744, 27084, 4730, 47736, 5310, 17620, 1900, 2494, 4248, 4176, 3664, 43260, 43, 0, 45079, 441, 14190, 4560, 29024, 90915, 45540, 10088, 54990, 14582, 12826, 5000, 55242, 46154, 14514, 7546, 20856, 28776, 12642, 16940, 7650, 18056, 36912, 3626, 19386, 69433, 30260, 231, 57672, 24983, 3384, 10080, 11748, 760, 12920, 40098, 68068, 56826, 50856, 61200, 83496, 34124, 21660, 80514, 50107, 27390, 9632, 5568, 23780},
                {21560, 41412, 63638, 13258, 20878, 26418, 3840, 8848, 36452, 70240, 75144, 20090, 63135, 25524, 18864, 14612, 69560, 1930, 9207, 18445, 46608, 32946, 16758, 62062, 23040, 35226, 24425, 20345, 31742, 23555, 45079, 0, 51022, 15028, 41895, 80325, 88555, 62440, 820, 55188, 25186, 67562, 7453, 10846, 2870, 22176, 10206, 3377, 21340, 132, 4558, 30360, 39843, 14550, 8658, 29016, 23826, 40888, 12580, 35998, 15609, 2296, 594, 21417, 71994, 29108, 25024, 7920, 4434, 11894, 23933, 10199, 25800, 46440, 12069, 89670, 83927, 53060, 6862, 52716},
                {40370, 1890, 1960, 3780, 26950, 32448, 36022, 6540, 15750, 16380, 39624, 17618, 7150, 58882, 1224, 83793, 10944, 60588, 10860, 2240, 23124, 20150, 41895, 36855, 18034, 2070, 35784, 5075, 30877, 8924, 441, 51022, 0, 13680, 3012, 6034, 45790, 11256, 8601, 7098, 811, 13980, 956, 13680, 34144, 80, 12480, 44016, 8717, 16680, 7887, 597, 51035, 1815, 13041, 83398, 19656, 8178, 16380, 75600, 23808, 13464, 18772, 85632, 12915, 33084, 12402, 28560, 23850, 9548, 1254, 18528, 230, 67311, 50049, 24759, 5412, 31080, 20748, 6832},
                {154, 43688, 18270, 34440, 7980, 6900, 11891, 38247, 18018, 47712, 5415, 852, 1696, 35092, 65043, 11300, 27744, 48256, 38916, 10614, 8076, 55488, 63232, 26000, 38480, 545, 15400, 36414, 59179, 41712, 14190, 15028, 13680, 0, 1570, 20046, 30378, 48564, 48576, 16375, 36822, 80190, 27778, 10500, 3801, 19720, 18468, 10472, 9144, 34920, 18428, 6045, 13689, 770, 56482, 34160, 14628, 43020, 37524, 47275, 273, 6412, 5543, 8160, 7648, 4653, 13884, 64206, 17064, 19276, 2354, 20746, 31746, 9653, 25502, 20724, 14210, 1008, 3680, 11438},
                {34419, 3456, 45510, 27200, 101, 9204, 8666, 2023, 8692, 48552, 19027, 9009, 32550, 44772, 16414, 15903, 38080, 16828, 3520, 489, 10234, 32142, 26080, 52164, 10318, 11700, 320, 21708, 94766, 23644, 4560, 41895, 39156, 1570, 0, 25893, 37023, 54778, 25259, 348, 5056, 44736, 18672, 95931, 15456, 38829, 24115, 61272, 29240, 73255, 15720, 39915, 72492, 9685, 17689, 28644, 17440, 4518, 10296, 38080, 33453, 5124, 22446, 3060, 3087, 28470, 18348, 18576, 22625, 3000, 30498, 67525, 24252, 67130, 57876, 7261, 61125, 7920, 9339, 61886},
                {34680, 2091, 6014, 53515, 27522, 46436, 39902, 468, 10272, 9264, 19366, 76230, 4080, 3355, 14210, 1058, 20435, 54870, 25256, 23480, 7540, 19832, 69804, 41730, 5728, 32185, 20160, 5728, 38778, 20264, 29024, 80325, 6034, 20046, 25893, 0, 79540, 1092, 23766, 24464, 2810, 62484, 23306, 42834, 80052, 560, 21816, 10778, 11376, 3120, 26945, 15862, 30155, 54549, 63833, 58620, 6493, 10044, 27002, 58349, 83076, 15580, 9775, 4896, 7008, 7826, 28756, 12180, 18414, 160, 21450, 54464, 16566, 24453, 11679, 3645, 26542, 36784, 9096, 3630},
                {19845, 7182, 7332, 40133, 26922, 6660, 9204, 38367, 9717, 1590, 35084, 34760, 3096, 13800, 26012, 18600, 39052, 10738, 21976, 5664, 6072, 4688, 13170, 8350, 54534, 34686, 7104, 27140, 38070, 45212, 90915, 88555, 45790, 30378, 37023, 79540, 0, 13727, 45024, 13330, 71004, 12138, 12816, 12502, 27528, 1276, 2340, 62370, 42897, 37870, 32784, 6240, 752, 48048, 35646, 37635, 59812, 21016, 34844, 17199, 20634, 68208, 55056, 80238, 3942, 22095, 1341, 25197, 46308, 16742, 21075, 20145, 38778, 56668, 8388, 43624, 88822, 2190, 775, 3504},
                {2716, 24346, 4020, 303, 19344, 25937, 10229, 37900, 60822, 5106, 6035, 8736, 19912, 8587, 536, 20108, 44936, 23739, 22308, 54225, 14007, 33065, 18228, 6248, 13817, 14140, 77894, 64980, 49858, 217, 45540, 62440, 11256, 48564, 54778, 1092, 13727, 0, 2160, 14421, 11858, 19154, 30480, 23775, 6840, 71230, 23534, 5590, 39060, 19380, 5980, 13939, 23912, 6600, 61165, 4379, 79887, 1905, 16988, 54776, 30039, 58625, 42966, 15350, 28303, 2261, 55580, 5400, 76184, 31150, 5488, 10742, 2205, 70840, 2520, 72576, 35945, 83420, 13230, 67768},
                {6240, 22620, 25696, 2812, 5964, 4354, 51540, 6567, 19462, 25234, 32786, 28560, 42200, 23240, 32032, 19090, 73260, 44064, 26978, 43617, 60168, 10047, 69888, 484, 3810, 26622, 15120, 35231, 59682, 29376, 10088, 820, 8601, 48576, 25259, 23766, 45024, 2160, 0, 66360, 3000, 26070, 6384, 62952, 53872, 46440, 27630, 17020, 5600, 23088, 55387, 7983, 29484, 7350, 8532, 24336, 84280, 23376, 2160, 17108, 8151, 21138, 2148, 1196, 30932, 6480, 4032, 60000, 11700, 31680, 43648, 12402, 6994, 26832, 7531, 24895, 5341, 58978, 34800, 48412},
                {20332, 4014, 42398, 66564, 17388, 10241, 12460, 16351, 41496, 13804, 44388, 24956, 12189, 13560, 4503, 15184, 14745, 11436, 6693, 6248, 39180, 1340, 5957, 59598, 7644, 9542, 862, 55200, 4681, 7689, 54990, 55188, 7098, 16375, 348, 24464, 13330, 14421, 66360, 0, 5918, 9100, 32422, 14880, 15210, 25344, 54252, 70432, 6000, 18560, 30132, 9009, 1260, 3740, 3151, 40618, 71253, 36440, 2738, 10700, 77190, 25534, 558, 6083, 87420, 435, 83754, 15314, 36579, 61030, 1872, 5508, 2905, 2585, 13752, 52540, 9646, 36736, 21789, 10528},
                {2112, 4392, 57967, 28188, 9568, 22762, 11186, 91104, 2610, 3978, 30628, 9768, 10825, 18724, 23552, 33040, 55000, 11840, 26288, 18942, 22724, 3555, 26009, 32396, 19400, 20116, 60588, 27984, 8976, 24552, 14582, 25186, 811, 36822, 5056, 2810, 71004, 11858, 3000, 5918, 0, 6786, 37534, 55476, 17424, 60152, 24603, 17544, 8343, 33845, 1763, 44204, 56943, 15652, 55300, 42807, 21328, 22272, 5056, 11496, 66052, 8466, 2532, 6144, 45477, 3260, 41925, 41300, 11388, 45066, 14608, 23560, 1602, 11220, 26818, 52540, 8911, 53541, 1896, 3549},
                {33099, 51474, 10770, 7018, 19680, 11900, 12470, 3264, 13915, 9750, 56462, 73041, 1660, 14123, 37890, 19481, 14820, 57792, 39576, 30576, 27548, 30294, 1554, 58401, 31790, 70756, 420, 11339, 16497, 28504, 12826, 67562, 13980, 80190, 44736, 62484, 12138, 19154, 26070, 9100, 6786, 0, 34104, 8216, 20976, 14877, 8976, 9078, 8892, 20834, 11596, 19395, 148, 10920, 16620, 38964, 26712, 5124, 25389, 62502, 33511, 10281, 7440, 39962, 62342, 9040, 14880, 9204, 8190, 64184, 76770, 44856, 25707, 8844, 39168, 16443, 7917, 34343, 24800, 13980},
                {6732, 12016, 30030, 63190, 38676, 7784, 20584, 6490, 420, 29820, 27825, 893, 43287, 3924, 61740, 17856, 2952, 7654, 7576, 39263, 1566, 49248, 4465, 20026, 5733, 26483, 57434, 52875, 52668, 7232, 5000, 7453, 956, 27778, 18672, 23306, 12816, 30480, 6384, 32422, 37534, 34104, 0, 4935, 2016, 3723, 21588, 21027, 71760, 6513, 4416, 555, 42756, 11480, 9840, 31248, 2992, 14504, 3120, 3024, 27423, 21890, 10414, 38295, 12480, 45432, 6516, 1430, 4105, 1980, 4170, 7080, 50648, 24720, 18630, 18256, 1924, 68263, 50660, 35496},
                {24510, 49815, 9072, 29394, 68121, 48360, 52954, 29743, 71262, 36, 29013, 650, 23793, 61200, 510, 10950, 4176, 11186, 33110, 18450, 53088, 2190, 16560, 59724, 5840, 21420, 2714, 6642, 16550, 14536, 55242, 10846, 13680, 10500, 95931, 42834, 12502, 23775, 62952, 14880, 55476, 8216, 4935, 0, 585, 1656, 16653, 20560, 31720, 11476, 8832, 9723, 3920, 2544, 70400, 78288, 11736, 11144, 70560, 54208, 32763, 44826, 22842, 7584, 13197, 14592, 20000, 7752, 27324, 5712, 70464, 17995, 11084, 21580, 19250, 25118, 42790, 51507, 7917, 6090},
                {20064, 32832, 1856, 43434, 58200, 25200, 28044, 13838, 4680, 59220, 54336, 30760, 10830, 4736, 49028, 3365, 29241, 5724, 20586, 9480, 16680, 308, 25472, 21442, 14112, 19514, 76428, 9797, 22680, 5882, 46154, 2870, 34144, 3801, 15456, 80052, 27528, 6840, 53872, 15210, 17424, 20976, 2016, 585, 0, 24882, 39150, 79920, 24320, 1344, 7631, 29465, 22516, 63898, 14784, 1988, 12673, 66906, 54969, 13536, 81840, 29852, 9154, 27897, 9636, 15249, 30040, 76188, 34278, 51045, 47124, 48306, 10925, 1260, 10918, 420, 888, 18480, 7605, 15326},
                {19266, 32040, 38409, 37620, 1292, 31280, 1960, 64350, 2922, 35260, 54405, 207, 7540, 5390, 50816, 54064, 19154, 13104, 54936, 21242, 2378, 1133, 51657, 60255, 51000, 25088, 14789, 4144, 30814, 21576, 14514, 22176, 80, 19720, 38829, 560, 1276, 71230, 46440, 25344, 60152, 14877, 3723, 1656, 24882, 0, 44136, 23694, 19880, 38612, 23517, 20410, 58638, 21538, 3592, 83725, 47908, 35412, 41890, 10416, 33626, 18278, 76946, 34936, 636, 56004, 13360, 11730, 16520, 31160, 528, 31641, 21204, 22780, 6732, 6840, 5144, 64337, 21835, 23490},
                {624, 198, 7885, 14007, 17459, 25640, 1944, 36507, 14355, 3870, 2241, 30599, 2204, 36396, 1134, 13800, 16815, 589, 39652, 83688, 1023, 46373, 1888, 48306, 3913, 43902, 11682, 43248, 4925, 11264, 7546, 10206, 12480, 18468, 24115, 21816, 2340, 23534, 27630, 54252, 24603, 8976, 21588, 16653, 39150, 44136, 0, 4161, 360, 38924, 17068, 58289, 19778, 4884, 12200, 9660, 86304, 19215, 18660, 3960, 31044, 372, 5500, 10680, 30601, 6226, 35526, 12078, 690, 2420, 12561, 51861, 10800, 41325, 1160, 13488, 1560, 62176, 79475, 31868},
                {11520, 27262, 18711, 24480, 17688, 13056, 40026, 45724, 45900, 961, 8008, 7767, 11776, 1938, 22659, 95040, 36774, 81144, 9300, 15272, 21514, 5814, 9028, 38440, 60696, 22704, 2520, 67520, 6820, 5632, 20856, 3377, 44016, 10472, 61272, 10778, 62370, 5590, 17020, 70432, 17544, 9078, 21027, 20560, 79920, 23694, 4161, 0, 32193, 29146, 51850, 12595, 2535, 3975, 43316, 53190, 88730, 13134, 783, 20685, 10676, 8710, 2870, 12089, 3213, 33020, 44408, 13032, 52780, 21597, 22224, 4300, 2990, 3930, 32175, 5400, 8184, 2212, 15930, 7049},
                {4576, 11628, 1012, 5856, 10812, 8924, 73458, 1472, 7696, 21360, 10950, 63460, 48954, 8556, 26264, 4495, 2420, 55440, 345, 23777, 73242, 15022, 54600, 88020, 5913, 55020, 9170, 14304, 6136, 9880, 28776, 21340, 8717, 9144, 29240, 11376, 42897, 39060, 5600, 6000, 8343, 8892, 71760, 31720, 24320, 19880, 360, 32193, 0, 10096, 7546, 29040, 3640, 67464, 24048, 24633, 34719, 30969, 63675, 14784, 3051, 42387, 7395, 4662, 41354, 24512, 74559, 1930, 11808, 7227, 12358, 660, 2222, 22218, 50685, 51620, 6832, 41418, 20770, 23214},
                {26892, 41078, 26304, 11148, 5383, 69003, 25172, 54720, 9024, 5390, 60515, 68228, 39600, 20512, 18525, 12090, 36828, 75166, 36608, 11400, 5775, 37840, 24081, 8372, 14040, 92732, 59200, 23760, 11144, 20375, 12642, 132, 16680, 34920, 73255, 3120, 37870, 19380, 23088, 18560, 33845, 20834, 6513, 11476, 1344, 38612, 38924, 29146, 10096, 0, 26290, 80696, 24794, 33028, 7150, 5694, 57289, 2816, 10222, 56196, 532, 75779, 7820, 41216, 5904, 24820, 3447, 3800, 14440, 91180, 2034, 33592, 20861, 12780, 33840, 38610, 12972, 8274, 34200, 48081},
                {27924, 42000, 52917, 14801, 3255, 63717, 1040, 1080, 35245, 6873, 42630, 100, 76268, 69498, 41971, 5184, 2184, 302, 10540, 7088, 80088, 2419, 8316, 31744, 40334, 56088, 39525, 1425, 3720, 279, 16940, 4558, 7887, 18428, 15720, 26945, 32784, 5980, 55387, 30132, 1763, 11596, 4416, 8832, 7631, 23517, 17068, 51850, 7546, 26290, 0, 4365, 29148, 76946, 2620, 10127, 13482, 49536, 12155, 7072, 5520, 25920, 14060, 715, 18200, 17901, 39312, 7740, 17934, 11245, 23313, 2040, 795, 27142, 4836, 1776, 30720, 31302, 6160, 11055},
                {77360, 2541, 31464, 1990, 960, 17480, 13392, 1122, 3840, 12246, 1120, 67332, 13312, 26411, 9120, 140, 49275, 284, 34230, 27625, 468, 72576, 1295, 55370, 16170, 23800, 610, 13440, 14896, 80700, 7650, 30360, 597, 6045, 39915, 15862, 6240, 13939, 7983, 9009, 44204, 19395, 555, 9723, 29465, 20410, 58289, 12595, 29040, 80696, 4365, 0, 2176, 7749, 6792, 9728, 23010, 31680, 1290, 13260, 4704, 59778, 5148, 32489, 41958, 13054, 51678, 10200, 6688, 85360, 45474, 27938, 25948, 51136, 60960, 19152, 19422, 3894, 5202, 42400},
                {66397, 4158, 808, 26712, 6180, 87120, 62352, 3190, 32112, 23008, 20953, 76206, 46158, 21726, 19030, 58752, 44392, 2418, 7296, 84645, 84200, 432, 71972, 17951, 43740, 34182, 14770, 8040, 6864, 15078, 18056, 39843, 51035, 13689, 72492, 30155, 752, 23912, 29484, 1260, 56943, 148, 42756, 3920, 22516, 58638, 19778, 2535, 3640, 24794, 29148, 2176, 0, 4650, 21045, 58560, 38976, 15598, 12760, 24087, 52615, 1548, 2340, 17020, 49590, 8400, 9900, 1872, 13040, 16872, 5392, 42872, 18473, 61173, 5400, 8370, 7125, 70470, 76946, 29700},
                {10759, 7857, 37884, 58292, 26040, 4268, 22618, 56724, 50666, 18924, 3263, 15484, 7245, 45771, 30000, 34110, 67137, 12110, 1512, 13230, 1032, 72, 465, 32240, 79056, 40880, 18240, 4334, 29341, 22680, 36912, 14550, 1815, 770, 9685, 54549, 48048, 6600, 7350, 3740, 15652, 10920, 11480, 2544, 63898, 21538, 4884, 3975, 67464, 33028, 76946, 7749, 4650, 0, 24584, 34447, 22896, 33375, 18236, 29078, 2980, 11362, 60880, 6608, 60390, 24680, 55484, 60016, 22968, 28730, 29876, 59677, 4095, 36168, 14661, 42971, 62972, 25840, 76128, 19646},
                {10286, 6377, 74690, 4464, 629, 57424, 24840, 6773, 2832, 63920, 4572, 54450, 35226, 1926, 1363, 320, 3270, 1410, 17400, 10972, 2760, 39578, 29612, 7218, 792, 17111, 86304, 3784, 850, 15918, 3626, 8658, 13041, 56482, 17689, 63833, 35646, 61165, 8532, 3151, 55300, 16620, 9840, 70400, 14784, 3592, 12200, 43316, 24048, 7150, 2620, 6792, 21045, 24584, 0, 60996, 4940, 1065, 46436, 5796, 10186, 525, 16320, 45890, 33516, 12200, 47718, 34850, 31290, 48372, 36226, 30450, 2976, 67452, 31360, 40338, 42328, 52888, 59566, 9296},
                {76551, 28985, 14685, 68607, 15040, 17342, 60016, 15573, 4900, 18328, 14697, 61308, 15288, 39420, 28304, 17248, 97911, 8415, 32028, 11568, 27450, 254, 25248, 4225, 38790, 55141, 31119, 15958, 31160, 3696, 19386, 29016, 83398, 34160, 28644, 58620, 37635, 4379, 24336, 40618, 42807, 38964, 31248, 78288, 1988, 83725, 9660, 53190, 24633, 5694, 10127, 9728, 58560, 34447, 60996, 0, 56133, 88815, 53550, 45904, 48399, 5865, 76384, 73428, 9384, 34920, 854, 29486, 36348, 34242, 39866, 52097, 36584, 6664, 22227, 4069, 32940, 3130, 2739, 73836},
                {56196, 2952, 27930, 57722, 26656, 57856, 11780, 4661, 18888, 60512, 85025, 11531, 17688, 27552, 11039, 80127, 23440, 17500, 24240, 40836, 25536, 11277, 2940, 25002, 59271, 27448, 1364, 32402, 9273, 6844, 69433, 23826, 19656, 14628, 17440, 6493, 59812, 79887, 84280, 71253, 21328, 26712, 2992, 11736, 12673, 47908, 86304, 88730, 34719, 57289, 13482, 23010, 38976, 22896, 4940, 56133, 0, 60172, 2025, 51148, 19575, 3186, 52155, 703, 5085, 28981, 29295, 4015, 12291, 32782, 2508, 35574, 30856, 39700, 42100, 63745, 73260, 15267, 17806, 78432},
                {5517, 19230, 59136, 141, 24472, 47040, 2958, 12617, 4774, 9625, 13580, 5588, 49170, 42775, 5310, 56133, 44592, 8580, 15060, 13706, 43890, 10150, 30114, 45942, 86338, 35052, 44712, 38655, 4224, 32870, 30260, 40888, 8178, 43020, 4518, 10044, 21016, 1905, 23376, 36440, 22272, 5124, 14504, 11144, 66906, 35412, 19215, 13134, 30969, 2816, 49536, 31680, 15598, 33375, 1065, 88815, 60172, 0, 25896, 30012, 28810, 5301, 12528, 594, 2240, 1290, 24742, 21682, 7616, 19845, 34848, 15190, 18095, 7254, 5664, 11880, 7252, 32934, 22120, 13168},
                {27300, 4615, 27960, 38581, 42497, 7392, 49364, 24354, 16473, 6948, 10800, 60320, 31730, 46860, 16926, 30124, 5160, 4800, 70532, 19580, 50760, 1800, 2772, 10092, 10602, 43605, 1012, 5916, 3388, 13000, 231, 12580, 16380, 37524, 10296, 27002, 34844, 16988, 2160, 2738, 5056, 25389, 3120, 70560, 54969, 41890, 18660, 783, 63675, 10222, 12155, 1290, 12760, 18236, 46436, 53550, 2025, 25896, 0, 1729, 11583, 744, 8366, 20493, 2320, 19188, 26280, 3768, 29565, 5453, 2592, 3686, 35020, 10846, 45333, 28217, 762, 55390, 18612, 9416},
                {6258, 26973, 10010, 66780, 14525, 11947, 4860, 52841, 5676, 30750, 31696, 7848, 12616, 5136, 10178, 34577, 42274, 19768, 24525, 68970, 34776, 6716, 85358, 53620, 36120, 13376, 56628, 8170, 11844, 6721, 57672, 35998, 75600, 47275, 38080, 58349, 17199, 54776, 17108, 10700, 11496, 62502, 3024, 54208, 13536, 10416, 3960, 20685, 14784, 56196, 7072, 13260, 24087, 29078, 5796, 45904, 51148, 30012, 1729, 0, 2091, 20250, 92316, 23868, 8550, 20776, 43512, 23463, 58859, 62906, 4680, 35391, 24248, 45000, 26580, 38446, 4644, 14238, 3423, 10287},
                {644, 13668, 66792, 26928, 15318, 10360, 45105, 6309, 24327, 4655, 44308, 5109, 69635, 55404, 23320, 9396, 39738, 660, 18018, 1272, 4344, 9751, 22873, 32016, 5368, 30600, 28392, 18000, 17602, 51850, 24983, 15609, 23808, 273, 33453, 83076, 20634, 30039, 8151, 77190, 66052, 33511, 27423, 32763, 81840, 33626, 31044, 10676, 3051, 532, 5520, 4704, 52615, 2980, 10186, 48399, 19575, 28810, 11583, 2091, 0, 23660, 20112, 36490, 7182, 28200, 46560, 528, 12480, 115, 30104, 19824, 70500, 42150, 24832, 4308, 1875, 71652, 14212, 39000},
                {25168, 6822, 21140, 80704, 19108, 9044, 23616, 60424, 3344, 599, 54872, 1260, 8208, 23922, 33701, 5056, 64736, 40269, 44604, 26595, 27675, 28688, 59584, 9160, 2925, 24168, 21518, 5820, 6600, 18612, 3384, 2296, 13464, 6412, 5124, 15580, 68208, 58625, 21138, 25534, 8466, 10281, 21890, 44826, 29852, 18278, 372, 8710, 42387, 75779, 25920, 59778, 1548, 11362, 525, 5865, 3186, 5301, 744, 20250, 23660, 0, 44603, 3528, 4212, 19006, 21816, 11025, 41184, 84, 5872, 6747, 29342, 3712, 47544, 27888, 42660, 16725, 10327, 70704},
                {54426, 2376, 35145, 8970, 3234, 13328, 32925, 2490, 39474, 1190, 16416, 2631, 4734, 29880, 38718, 33660, 47970, 1080, 35266, 5916, 4430, 57290, 32736, 57265, 23220, 19818, 6930, 15984, 43280, 3196, 10080, 594, 18772, 5543, 22446, 9775, 55056, 42966, 2148, 558, 2532, 7440, 10414, 22842, 9154, 76946, 5500, 2870, 7395, 7820, 14060, 5148, 2340, 60880, 16320, 76384, 52155, 12528, 8366, 92316, 20112, 44603, 0, 2576, 4329, 44411, 54020, 8268, 8370, 2664, 4338, 48116, 26752, 6750, 15012, 3230, 92926, 9472, 300, 12672},
                {5358, 1794, 20196, 7986, 57646, 28600, 43362, 29480, 8494, 4941, 5390, 12975, 8569, 26780, 11580, 21175, 27492, 73440, 13426, 25830, 28635, 33060, 387, 64608, 10178, 8554, 65124, 5628, 16575, 49630, 11748, 21417, 85632, 8160, 3060, 4896, 80238, 15350, 1196, 6083, 6144, 39962, 38295, 7584, 27897, 34936, 10680, 12089, 4662, 41216, 715, 32489, 17020, 6608, 45890, 73428, 703, 594, 20493, 23868, 36490, 3528, 2576, 0, 41605, 23868, 35364, 33660, 4374, 8305, 20812, 30360, 9750, 47652, 56749, 44032, 35292, 14040, 21186, 34816},
                {10278, 6887, 85928, 687, 15504, 14732, 44643, 46852, 2979, 38500, 9968, 10140, 17340, 13062, 8320, 38544, 4600, 20000, 86524, 32469, 5640, 1173, 2420, 1030, 45864, 13536, 22752, 25216, 40320, 35939, 760, 71994, 12915, 7648, 3087, 7008, 3942, 28303, 30932, 87420, 45477, 62342, 12480, 13197, 9636, 636, 30601, 3213, 41354, 5904, 18200, 41958, 49590, 60390, 33516, 9384, 5085, 2240, 2320, 8550, 7182, 4212, 4329, 41605, 0, 34844, 45180, 20424, 16900, 11327, 47763, 3864, 3564, 21250, 60669, 5240, 21128, 17235, 33824, 69696},
                {11594, 18750, 14592, 21344, 30226, 1845, 17424, 1131, 7009, 8400, 48960, 45864, 15884, 23200, 9647, 3705, 11448, 42576, 70980, 7912, 13860, 11480, 40590, 22849, 17766, 1728, 12495, 43168, 33744, 46903, 12920, 29108, 33084, 4653, 28470, 7826, 22095, 2261, 6480, 435, 3260, 9040, 45432, 14592, 15249, 56004, 6226, 33020, 24512, 24820, 17901, 13054, 8400, 24680, 12200, 34920, 28981, 1290, 19188, 20776, 28200, 19006, 44411, 23868, 34844, 0, 98, 14240, 5985, 426, 43952, 5727, 80500, 21797, 1296, 20770, 28912, 45762, 2280, 12089},
                {2800, 1623, 66534, 5551, 1700, 42228, 11880, 30094, 26492, 24025, 41492, 45288, 9490, 45990, 1254, 25491, 18768, 10528, 69020, 16800, 32913, 36630, 4710, 6021, 2870, 57974, 9154, 29200, 28124, 846, 40098, 25024, 12402, 13884, 18348, 28756, 1341, 55580, 4032, 83754, 41925, 14880, 6516, 20000, 30040, 13360, 35526, 44408, 74559, 3447, 39312, 51678, 9900, 55484, 47718, 854, 29295, 24742, 26280, 43512, 46560, 21816, 54020, 35364, 45180, 98, 0, 25284, 78455, 7056, 23056, 7634, 30739, 13846, 43776, 23821, 20119, 9580, 16211, 2796},
                {33464, 13623, 31464, 22607, 6310, 57670, 64175, 5368, 14763, 17460, 4692, 300, 43065, 5355, 32562, 50128, 53856, 34410, 6765, 41448, 35998, 8892, 66682, 12894, 8148, 49248, 38918, 34930, 7097, 35061, 68068, 7920, 28560, 64206, 18576, 12180, 25197, 5400, 60000, 15314, 41300, 9204, 1430, 7752, 76188, 11730, 12078, 13032, 1930, 3800, 7740, 10200, 1872, 60016, 34850, 29486, 4015, 21682, 3768, 23463, 528, 11025, 8268, 33660, 20424, 14240, 25284, 0, 26315, 49266, 29403, 52470, 34047, 627, 15210, 3350, 54924, 18391, 43310, 20992},
                {22866, 28608, 44697, 46695, 14904, 56256, 11336, 13080, 2820, 22698, 25024, 32560, 2808, 35952, 68191, 7380, 43722, 36036, 45414, 9360, 8736, 71060, 39636, 8374, 19400, 72000, 21560, 29197, 6696, 5920, 56826, 4434, 23850, 17064, 22625, 18414, 46308, 76184, 11700, 36579, 11388, 8190, 4105, 27324, 34278, 16520, 690, 52780, 11808, 14440, 17934, 6688, 13040, 22968, 31290, 36348, 12291, 7616, 29565, 58859, 12480, 41184, 8370, 4374, 16900, 5985, 78455, 26315, 0, 68325, 3782, 6550, 27090, 71841, 3648, 3237, 2332, 29916, 2520, 19800},
                {7488, 23296, 42284, 84099, 18226, 7980, 1330, 36432, 28470, 17880, 42728, 46170, 68880, 38997, 37772, 73920, 6026, 71720, 8880, 33142, 23142, 30960, 3095, 61614, 74640, 3488, 7308, 3414, 5432, 2584, 50856, 11894, 9548, 19276, 3000, 160, 16742, 31150, 31680, 61030, 45066, 64184, 1980, 5712, 51045, 31160, 2420, 21597, 7227, 91180, 11245, 85360, 16872, 28730, 48372, 34242, 32782, 19845, 5453, 62906, 115, 84, 2664, 8305, 11327, 426, 7056, 49266, 68325, 0, 54672, 20332, 25410, 816, 18126, 25308, 786, 7107, 16168, 92120},
                {23730, 16600, 39092, 2696, 13824, 5538, 44448, 48373, 20176, 2156, 472, 51765, 12670, 7200, 60720, 15167, 55974, 11940, 12555, 8107, 4448, 85728, 48067, 60522, 960, 90695, 18925, 17088, 8092, 5330, 61200, 23933, 1254, 2354, 30498, 21450, 21075, 5488, 43648, 1872, 14608, 76770, 4170, 70464, 47124, 528, 12561, 22224, 12358, 2034, 23313, 45474, 5392, 29876, 36226, 39866, 2508, 34848, 2592, 4680, 30104, 5872, 4338, 20812, 47763, 43952, 23056, 29403, 3782, 54672, 0, 534, 18538, 187, 30806, 70043, 195, 23046, 27900, 13668},
                {780, 26136, 5724, 32226, 546, 4048, 8500, 15552, 3625, 51796, 35694, 25740, 17381, 7350, 2560, 2680, 5797, 9630, 2430, 3978, 3468, 48018, 14805, 33325, 5512, 21690, 15480, 48608, 60516, 65379, 83496, 10199, 18528, 20746, 67525, 54464, 20145, 10742, 12402, 5508, 23560, 44856, 7080, 17995, 48306, 31641, 51861, 4300, 660, 33592, 2040, 27938, 42872, 59677, 30450, 52097, 35574, 15190, 3686, 35391, 19824, 6747, 48116, 30360, 3864, 5727, 7634, 52470, 6550, 20332, 534, 0, 24160, 20034, 60076, 1470, 3296, 32373, 5819, 26048},
